Density	GenerationsToStabilize
0,1	99
0,2	226
0,3	648
0,4	368
0,5	852



Generation	Density0.1	Density0.3	Density0.5
0	89	172	293	387	508
1	23	148	365	377	238
2	23	117	260	317	242
3	24	112	251	317	213
4	25	105	260	310	231
5	23	109	269	284	209
6	20	102	256	257	235
7	24	92	272	251	193
8	26	107	263	259	195
9	28	102	222	252	205
10	30	123	206	214	179
11	28	110	179	221	180
12	21	129	210	198	182
13	24	109	183	212	181
14	26	105	180	194	175
15	26	121	183	169	175
16	30	98	181	178	172
17	29	93	166	182	156
18	35	86	176	185	157
19	33	92	164	155	134
20	44	72	170	152	142
21	36	72	180	161	125
22	45	81	162	135	123
23	43	86	164	131	117
24	48	94	167	135	133
25	44	82	167	129	123
26	41	90	171	132	138
27	50	84	166	123	127
28	48	83	148	132	132
29	38	82	149	127	121
30	47	90	148	131	115
31	47	93	138	132	111
32	46	105	129	132	117
33	50	116	115	134	102
34	54	116	98	151	92
35	53	133	110	139	119
36	50	120	106	161	109
37	55	107	108	141	106
38	78	116	114	135	122
39	42	115	120	159	118
40	44	104	130	154	101
41	36	110	123	125	118
42	39	117	120	134	122
43	42	123	127	133	106
44	41	144	125	145	89
45	39	125	118	133	82
46	42	116	98	123	64
47	38	113	103	131	67
48	49	110	102	106	60
49	41	122	108	105	64
50	60	114	117	102	62
51	50	110	122	86	67
52	71	128	128	87	63
53	55	125	120	88	67
54	59	121	107	98	65
55	66	126	108	106	67
56	75	122	111	84	59
57	60	122	125	64	56
58	56	98	125	65	55
59	53	92	131	63	52
60	51	101	140	71	48
61	48	95	138	71	46
62	51	99	111	72	48
63	49	112	123	69	47
64	56	102	109	75	48
65	49	100	105	59	50
66	61	89	94	68	49
67	45	99	91	61	54
68	48	92	100	71	53
69	44	106	104	64	61
70	52	96	111	72	58
71	53	105	114	77	65
72	58	102	107	83	68
73	56	84	114	71	80
74	64	81	115	77	68
75	53	76	98	73	89
76	62	88	110	74	65
77	56	82	97	80	71
78	49	82	88	86	67
79	41	88	81	94	70
80	40	85	91	99	68
81	42	76	89	88	62
82	39	86	96	84	72
83	37	84	111	83	69
84	40	89	114	88	87
85	36	85	113	76	72
86	33	91	112	75	80
87	32	79	98	82	83
88	37	79	121	89	93
89	36	79	100	88	96
90	29	76	89	76	98
91	32	77	87	77	113
92	27	78	83	92	96
93	24	89	73	98	84
94	25	94	68	105	81
95	25	93	66	102	86
96	25	89	70	112	89
97	25	83	71	107	85
98	25	99	69	124	84
99	25	84	72	106	80
100		78	70	118	91
101		70	77	101	82
102		72	87	114	95
103		62	93	102	91
104		64	100	96	97
105		57	89	100	86
106		65	107	90	84
107		62	95	94	90
108		64	107	109	90
109		74	107	100	92
110		83	120	118	88
111		97	117	119	94
112		92	123	121	87
113		108	133	106	92
114		95	133	127	94
115		124	145	107	82
116		106	133	133	80
117		114	142	104	83
118		101	132	107	93
119		117	139	111	69
120		102	138	104	63
121		111	120	91	72
122		78	131	101	67
123		85	133	95	77
124		81	127	88	62
125		89	134	87	61
126		77	140	73	62
127		80	156	70	60
128		76	137	80	66
129		83	143	72	62
130		83	132	90	72
131		89	124	72	61
132		80	135	94	52
133		67	121	80	63
134		81	124	89	59
135		60	122	85	62
136		53	118	98	58
137		54	123	75	56
138		55	121	64	61
139		56	101	67	55
140		55	96	69	65
141		56	81	82	64
142		59	82	75	57
143		58	80	67	59
144		65	79	76	68
145		58	80	71	73
146		59	81	60	81
147		58	82	65	83
148		60	79	64	75
149		58	84	66	75
150		58	89	57	80
151		62	99	62	68
152		65	95	59	67
153		65	97	57	79
154		69	91	54	71
155		59	90	57	74
156		59	86	58	69
157		60	77	60	62
158		62	74	64	51
159		64	79	61	50
160		66	76	66	57
161		70	77	75	56
162		68	73	75	53
163		71	72	70	57
164		76	76	75	55
165		73	69	78	58
166		75	73	74	57
167		78	74	73	67
168		78	71	67	71
169		83	70	65	64
170		82	77	66	74
171		92	75	64	76
172		70	75	65	75
173		63	74	58	79
174		63	75	55	71
175		60	85	55	73
176		64	71	63	75
177		66	79	62	78
178		71	74	69	78
179		76	74	63	72
180		83	77	63	68
181		70	80	57	70
182		74	70	58	72
183		67	79	56	76
184		67	68	59	75
185		69	69	61	67
186		73	70	67	74
187		77	75	69	68
188		77	79	66	73
189		79	79	59	74
190		76	81	66	80
191		79	78	61	76
192		89	86	60	84
193		80	80	66	90
194		81	84	61	78
195		71	80	57	85
196		79	79	60	82
197		71	80	59	91
198		76	78	60	80
199		69	85	70	80
200		73	84	70	78
201		71	86	76	85
202		71	89	74	65
203		71	82	66	70
204		72	85	69	71
205		73	80	68	69
206		74	89	68	68
207		79	84	71	70
208		81	102	81	66
209		78	88	78	66
210		78	89	80	65
211		75	96	67	77
212		74	103	73	71
213		73	107	75	93
214		77	86	71	66
215		78	96	80	78
216		75	97	68	77
217		89	101	72	78
218		64	110	71	73
219		57	121	78	78
220		54	91	84	67
221		55	89	71	75
222		55	85	66	67
223		55	88	55	69
224		55	90	49	64
225		55	87	60	69
226		55	92	56	71
227			78	62	72
228			80	53	85
229			83	60	80
230			79	57	85
231			79	64	90
232			83	60	78
233			73	67	91
234			78	70	93
235			81	59	82
236			101	50	79
237			74	52	77
238			90	55	78
239			77	53	78
240			86	48	78
241			76	57	67
242			76	51	68
243			67	55	67
244			71	47	69
245			67	55	70
246			80	58	68
247			73	66	78
248			75	65	79
249			63	68	85
250			72	63	98
251			60	66	94
252			67	64	101
253			57	83	111
254			63	63	109
255			52	66	105
256			55	66	100
257			59	66	91
258			72	66	86
259			69	64	85
260			65	55	97
261			77	61	94
262			70	60	109
263			79	72	104
264			76	65	113
265			89	67	110
266			86	67	125
267			101	54	101
268			93	56	114
269			95	58	114
270			103	59	129
271			93	59	110
272			92	63	126
273			80	61	135
274			78	66	137
275			85	62	130
276			85	65	121
277			100	52	130
278			80	55	114
279			97	52	118
280			74	60	131
281			84	57	117
282			73	61	127
283			74	62	108
284			78	67	110
285			76	72	114
286			92	67	119
287			78	73	118
288			91	69	120
289			89	68	112
290			90	64	114
291			90	61	116
292			97	63	113
293			82	55	116
294			78	49	123
295			83	51	93
296			85	51	107
297			86	53	100
298			92	58	98
299			85	48	111
300			80	50	120
301			88	57	108
302			78	49	102
303			88	52	90
304			78	54	75
305			85	54	80
306			91	59	70
307			100	57	74
308			120	52	72
309			98	54	65
310			94	64	70
311			113	60	69
312			99	65	69
313			94	53	72
314			98	53	78
315			101	50	64
316			102	52	73
317			118	54	80
318			103	48	80
319			105	55	69
320			95	49	65
321			90	39	60
322			100	37	61
323			105	42	64
324			98	42	68
325			113	41	58
326			109	47	59
327			113	46	56
328			114	47	60
329			100	44	60
330			107	51	59
331			111	51	66
332			120	44	52
333			126	42	53
334			132	40	52
335			149	39	51
336			133	35	56
337			146	38	47
338			145	39	45
339			115	40	48
340			131	47	45
341			113	49	48
342			128	58	53
343			124	53	53
344			117	50	55
345			133	56	59
346			130	50	56
347			125	63	61
348			137	59	70
349			120	67	70
350			125	56	65
351			134	60	70
352			128	52	75
353			103	50	65
354			110	54	71
355			88	49	65
356			94	40	61
357			83	42	61
358			99	42	60
359			72	40	66
360			73	39	56
361			62	33	61
362			59	30	66
363			52	28	74
364			46	28	64
365			46	28	72
366			45	28	66
367			50	28	70
368			44	28	71
369			47		77
370			43		59
371			39		58
372			40		54
373			43		59
374			43		58
375			43		61
376			47		65
377			50		55
378			57		58
379			59		62
380			65		64
381			67		73
382			75		75
383			66		84
384			70		72
385			76		70
386			55		80
387			51		72
388			53		74
389			55		79
390			53		75
391			52		74
392			52		75
393			59		80
394			59		78
395			56		71
396			63		76
397			54		75
398			58		71
399			45		76
400			53		70
401			48		73
402			51		79
403			45		77
404			50		84
405			53		93
406			60		88
407			56		86
408			52		92
409			56		98
410			48		98
411			51		88
412			57		104
413			51		97
414			51		95
415			52		94
416			59		104
417			65		100
418			64		101
419			62		106
420			70		95
421			78		106
422			54		96
423			67		111
424			68		98
425			75		108
426			64		104
427			72		105
428			75		94
429			78		114
430			88		111
431			94		129
432			82		113
433			80		114
434			93		98
435			98		123
436			97		96
437			89		114
438			88		93
439			90		88
440			98		99
441			106		105
442			123		90
443			107		107
444			93		92
445			102		98
446			87		91
447			84		100
448			73		96
449			62		88
450			68		76
451			70		75
452			57		63
453			59		67
454			51		58
455			66		57
456			57		68
457			62		61
458			61		58
459			62		61
460			67		54
461			64		54
462			69		46
463			72		49
464			77		54
465			71		50
466			64		58
467			70		67
468			64		59
469			61		74
470			56		67
471			51		71
472			49		79
473			54		79
474			50		67
475			42		70
476			39		65
477			35		69
478			32		59
479			32		71
480			34		63
481			31		69
482			29		66
483			27		77
484			27		65
485			28		81
486			30		68
487			29		62
488			30		60
489			33		59
490			32		55
491			39		62
492			32		54
493			32		69
494			31		51
495			34		50
496			37		50
497			40		62
498			40		46
499			44		46
500			46		50
501			56		46
502			46		53
503			53		55
504			48		61
505			58		57
506			51		73
507			67		62
508			60		69
509			66		72
510			51		86
511			52		75
512			50		76
513			48		83
514			53		84
515			53		75
516			60		84
517			55		80
518			50		74
519			55		70
520			52		75
521			55		74
522			57		68
523			54		71
524			52		74
525			50		75
526			56		72
527			51		82
528			66		83
529			50		72
530			53		85
531			51		83
532			63		86
533			56		87
534			49		92
535			56		89
536			47		94
537			51		97
538			47		106
539			48		96
540			56		102
541			52		111
542			54		99
543			54		104
544			50		101
545			48		106
546			46		99
547			47		110
548			44		104
549			46		110
550			46		117
551			48		105
552			46		104
553			47		92
554			50		102
555			52		94
556			56		81
557			60		87
558			58		98
559			55		90
560			61		98
561			61		82
562			74		84
563			55		77
564			61		79
565			54		76
566			49		84
567			52		80
568			51		89
569			54		86
570			42		87
571			40		87
572			40		94
573			41		97
574			40		103
575			40		91
576			41		83
577			41		86
578			43		79
579			42		80
580			44		88
581			43		85
582			42		85
583			47		87
584			43		66
585			42		70
586			41		69
587			42		78
588			45		68
589			44		63
590			50		56
591			45		53
592			52		55
593			50		62
594			55		60
595			60		66
596			61		63
597			61		53
598			67		63
599			56		58
600			61		73
601			58		65
602			57		70
603			60		72
604			63		79
605			71		78
606			70		91
607			66		88
608			73		84
609			68		85
610			67		80
611			69		91
612			73		92
613			70		99
614			75		104
615			71		103
616			68		120
617			66		122
618			75		120
619			70		127
620			80		120
621			66		135
622			76		126
623			72		119
624			72		127
625			78		119
626			74		134
627			74		129
628			74		133
629			71		139
630			77		135
631			77		124
632			80		121
633			84		132
634			78		116
635			66		107
636			71		130
637			67		125
638			61		150
639			62		123
640			55		113
641			50		105
642			47		97
643			45		99
644			45		114
645			45		108
646			45		105
647			45		111
648			45		104
649					104
650					115
651					105
652					108
653					97
654					120
655					99
656					105
657					89
658					107
659					93
660					96
661					91
662					89
663					99
664					100
665					108
666					107
667					111
668					114
669					107
670					114
671					112
672					103
673					107
674					98
675					113
676					108
677					125
678					130
679					139
680					124
681					109
682					109
683					127
684					117
685					119
686					121
687					115
688					135
689					132
690					146
691					142
692					145
693					121
694					129
695					113
696					142
697					127
698					122
699					124
700					142
701					138
702					128
703					157
704					134
705					136
706					128
707					132
708					154
709					168
710					150
711					185
712					145
713					150
714					132
715					146
716					153
717					165
718					154
719					162
720					168
721					147
722					147
723					133
724					150
725					142
726					143
727					150
728					151
729					149
730					154
731					151
732					172
733					165
734					160
735					172
736					194
737					189
738					207
739					209
740					216
741					196
742					210
743					180
744					157
745					153
746					171
747					151
748					148
749					153
750					164
751					145
752					135
753					138
754					144
755					147
756					146
757					136
758					135
759					132
760					140
761					152
762					164
763					140
764					144
765					150
766					152
767					150
768					150
769					158
770					166
771					176
772					179
773					186
774					169
775					160
776					164
777					135
778					153
779					152
780					143
781					143
782					135
783					140
784					150
785					142
786					121
787					129
788					149
789					129
790					143
791					136
792					142
793					136
794					116
795					113
796					115
797					112
798					114
799					93
800					103
801					89
802					100
803					102
804					114
805					115
806					117
807					106
808					106
809					99
810					109
811					105
812					121
813					110
814					106
815					110
816					99
817					107
818					80
819					80
820					87
821					71
822					66
823					63
824					60
825					54
826					45
827					43
828					41
829					51
830					37
831					36
832					34
833					34
834					32
835					31
836					35
837					29
838					37
839					27
840					25
841					22
842					21
843					22
844					21
845					19
846					18
847					16
848					16
849					16
850					16
851					16
852					16
