11111111000000110000000000000100000000000000000001
00000000000000010000000000000000000000000000000000
00000000000000000000000000000000000000000000000000
00000000000000000000000000000000010000001000110000
00000000000000000000000000000000101000100001001000
00000000000000000000000011011111000101000001010100
00000000000000000000000101100001110111101000010100
00000000000000000000110111011101010000010011001110
00000000000000000000010010000011100000000010000000
00000000000000000000011000000000110011010011000000
01110000001101000000001010000000000110100011000000
10001000000101110000000100000000000001111111100000
11110000000000011000000000000000000000110100100000
01100000001101101100000000000000001000000011011000
00000101011010101000000000000000010100000000000100
00001100001100010000000000000000010100000000011000
00100000010000000000000000000000001000000000000000
00111100010000000000000000000110000000000000000000
00000000000000100000000000000111000000000000000001
11111110100001000000000000000110000000000000000001
